0.994579
0.995946
0.997998
0.996337
0.995335
0.994767
0.993519
0.993343
0.995977
0.994006
0.994546
0.993971
0.995271
0.998267
0.995415
0.995352
0.995656
0.996540
0.996968
0.995771
0.996596
0.997110
0.995863
0.995763
0.996421
0.993568
0.994379
0.995744
0.993492
0.995230
0.995208
0.994461
0.996019
0.996753
0.994345
0.994216
0.995430
0.995675
0.995713
0.996774
0.996762
0.995334
0.995460
0.986418
0.988487
0.996975
0.996354
0.989466
0.995248
0.994357
0.992202
0.997141
0.997442
0.996953
0.996911
0.997676
0.992107
0.994766
0.994794
0.994614
0.995080
0.994221
0.994192
0.994770
0.995730
0.995451
0.995718
0.993512
0.996593
0.996385
0.994977
0.993323
0.995265
0.988699
0.997075
0.995765
0.996326
0.995504
0.996536
0.993187
0.993760
0.994586
0.992893
0.993564
0.996615
0.995567
0.992595
0.987267
0.996744
0.989631
0.996231
0.996143
0.996442
0.991363
0.995640
0.993656
0.997574
0.998374
0.997786
0.993717
0.997144
0.994224
0.996252
0.995489
0.994822
0.996525
0.995573
0.995188
0.996900
0.995527
0.997212
0.994022
0.995591
0.996862
0.994147
0.996807
0.992486
0.997384
0.997112
0.996516
0.997301
0.995037
0.998194
0.997179
0.995878
0.997385
0.995830
0.994578
0.995467
0.993621
0.996965
0.993778
0.997566
0.995290
0.997567
0.996200
0.996844
0.992994
0.995714
0.996318
0.997729
0.996551
0.996189
0.997924
0.994626
0.993649
0.995678
0.996918
0.993585
0.995098
0.997523
0.990542
0.997368
0.998197
0.997977
0.998018
0.998291
0.997165
0.997892
0.996912
0.995780
0.997325
0.996893
