0.885601
0.746793
0.949740
0.956582
0.892489
0.969611
0.812382
0.273156
0.839208
0.771115
0.311824
0.963162
0.698327
0.982123
0.880593
0.962290
0.985074
0.967084
0.955731
0.980371
0.969189
0.935546
0.334248
0.968114
0.961129
0.720815
0.365851
0.924885
0.783815
0.701553
0.923422
0.881698
0.969074
0.953433
0.813284
0.982907
0.434055
0.982016
0.958824
0.970864
0.908948
0.974528
0.923369
0.982505
0.970674
0.874342
0.937787
0.952624
0.987968
0.738107
0.890490
0.541522
0.284471
0.947357
0.961171
0.957264
0.858046
0.935468
0.733925
0.832886
0.796688
0.721812
0.689142
0.974788
0.975880
0.976837
0.963574
0.933418
0.937796
0.894327
0.958361
0.653460
0.963970
0.970720
0.579812
0.934869
0.974035
0.283697
0.955165
0.808145
0.838860
0.984252
0.606292
0.949808
0.898777
0.972115
0.987020
0.953345
0.398721
0.971190
0.897962
0.923610
0.939547
0.940813
0.657917
0.700134
0.909022
0.968842
0.980537
0.974749
0.944718
0.429161
0.833417
0.928318
0.909616
0.891810
0.983422
0.923770
0.982918
0.934587
0.794102
0.570266
0.888025
0.943326
0.303958
0.947553
0.884089
0.924113
0.897062
0.881210
0.866099
0.965364
0.960070
0.783036
0.845531
0.976381
0.856541
0.943034
0.952592
0.777717
0.859818
0.826965
0.931560
0.362523
0.824261
0.901124
0.972457
0.948465
0.927521
0.975534
0.976573
0.951864
0.981988
0.901300
0.979986
0.985369
0.907903
0.968514
0.381350
0.397648
0.621219
0.889141
0.921518
0.856996
0.969387
0.908222
0.964199
0.904007
0.916982
0.971405
0.962953
0.960500
0.961220
